 -1.43946682e+00;
 9.58437545e-03;
 -8.47268120e-02;
 7.44160160e-01;
 7.77058911e-01;
 1.81609251e+00;
 1.58463661e+00;
 2.64281956e+00;
 0.00000000e+00;
 0.00000000e+00;
 -2.35259659e+00;
 -1.35185311e+00;
 -7.06804181e-01;
 0.00000000e+00;
 -1.42847203e+00;
 0.00000000e+00;
 2.30969098e+00;
 9.62645099e-01;
 5.44176024e-01;
 0.00000000e+00;
 0.00000000e+00;
 2.45377690e+00;
 -3.38110266e+00;
 0.00000000e+00;
 0.00000000e+00;
 -1.31646202e+00;
 0.00000000e+00;
 0.00000000e+00;
 0.00000000e+00
